01.0     -6.601076810439
01.5     -5.978504865867
02.0     -5.408955919783
02.5     -4.894581917191
03.0     -4.438341220928
03.5     -4.044167661818
04.0     -3.717094687904
04.5     -3.463156170165
05.0     -3.288805844890
05.5     -3.199643985051
06.0     -3.198580688571
06.5     -3.284157335546
07.0     -3.450047869846
07.5     -3.686173372776
08.0     -3.980780948657
08.5     -4.322393352763
09.0     -4.700985362171
09.5     -5.108386101814
10.0     -5.538199689394
10.5     -5.985523421292
11.0     -6.446631212355
11.5     -6.918691655381
12.0     -7.399543354090
12.5     -7.887524535968
13.0     -8.381346684689
13.5     -8.879999507923
14.0     -9.382685152435
14.5     -9.888765746387
15.0    -10.397727663791
15.5    -10.909153373284
16.0    -11.422699853870
16.5    -11.938084132365
17.0    -12.455070255023
17.5    -12.973460474798
18.0    -13.493087774424
18.5    -14.013810039059
19.0    -14.535506197363
19.5    -15.058071952000
20.0    -15.581417440759
