01.0       -10.614017792510
01.2       -10.189225071282
01.4        -9.778538122624
01.6        -9.382204662843
01.8        -9.000541328718
02.0        -8.633959186487
02.2        -8.282995132522
02.4        -7.948365535404
02.6        -7.631036010563
02.8        -7.332336636249
03.0        -7.054133750812
03.2        -6.799111490599
03.4        -6.571238883059
03.6        -6.376623841822
03.8        -6.225138880820
04.0        -6.133884854407
04.2        -6.135582870192
04.4        -6.303274561710
04.6        -6.848321093843
04.8        -8.751180023305
05.0       -14.109928210816
05.2       -18.997701002642
05.4       -23.075086879495
05.6       -26.748779837314
05.8       -30.186381514711
06.0       -33.469673406605
06.2       -36.644522714793
06.4       -39.739229467708
06.6       -42.772487826162
06.8       -45.757283726611
07.0       -48.702987061170
07.2       -51.616591020181
07.4       -54.503288412523
07.6       -57.367674734031
07.8       -60.212594327752
08.0       -63.040942967313
08.2       -65.854822025032
08.4       -68.656052165988
08.6       -71.446138019679
08.8       -74.226348611849
09.0       -76.997760728787
09.2       -79.761297399398
09.4       -82.517748818340
09.6       -85.267805416324
10.0       -90.751035267344
