# U R=5 R=10 R=20 R=30
   1.0000000e+00  -1.0605699e+01  -1.0629395e+01  -1.0630568e+01  -1.0631185e+01
   1.2500000e+00  -1.0070705e+01  -1.0107807e+01  -1.0109582e+01  -1.0110378e+01
   1.5000000e+00  -9.5550881e+00  -9.6081504e+00  -9.6107579e+00  -9.6119660e+00
   1.7500000e+00  -9.0587028e+00  -9.1287343e+00  -9.1340509e+00  -9.1356114e+00
   2.0000000e+00  -8.5818841e+00  -8.6694314e+00  -8.6792767e+00  -8.6809838e+00
   2.2500000e+00  -8.1248014e+00  -8.2294605e+00  -8.2452275e+00  -8.2477862e+00
   2.5000000e+00  -7.6869796e+00  -7.8080222e+00  -7.8318475e+00  -7.8357797e+00
   2.7500000e+00  -7.2681873e+00  -7.4043128e+00  -7.4387290e+00  -7.4448227e+00
   3.0000000e+00  -6.8681858e+00  -7.0175372e+00  -7.0654925e+00  -7.0749077e+00
   3.2500000e+00  -6.4866852e+00  -6.6469164e+00  -6.7137491e+00  -6.7262185e+00
   3.5000000e+00  -6.1233369e+00  -6.2916941e+00  -6.3925621e+00  -6.3992160e+00
   3.7500000e+00  -5.7777342e+00  -5.9511402e+00  -6.0845827e+00  -6.0947667e+00
   4.0000000e+00  -5.4494064e+00  -5.6245541e+00  -5.7982377e+00  -5.8143822e+00
   4.2500000e+00  -5.1378244e+00  -5.3112654e+00  -5.5343102e+00  -5.5606677e+00
   4.5000000e+00  -4.8423994e+00  -5.0106352e+00  -5.2937732e+00  -5.3383081e+00
   4.7500000e+00  -4.5624909e+00  -4.7220555e+00  -5.0778756e+00  -5.1565394e+00
   5.0000000e+00  -4.2974168e+00  -4.4449507e+00  -4.8881652e+00  -5.0370644e+00
   5.2500000e+00  -4.0464584e+00  -4.1787743e+00  -4.7264670e+00  -5.0533811e+00
   5.5000000e+00  -3.8088749e+00  -3.9230152e+00  -4.5948107e+00  -1.1371950e+01
   5.7500000e+00  -3.5839144e+00  -3.6772041e+00  -4.5159051e+00  -1.6370327e+01
   6.0000000e+00  -3.3708244e+00  -3.6705589e+00  -5.0906000e+00  -1.9897337e+01
   6.2500000e+00  -3.1688627e+00  -3.4789261e+00  -5.5470996e+00             nan
   6.5000000e+00  -2.9773052e+00  -3.2990515e+00             nan             nan
   6.7500000e+00  -2.7954559e+00  -3.1301731e+00             nan             nan
   7.0000000e+00  -2.6226475e+00  -2.9718722e+00             nan             nan
   7.2500000e+00  -2.4582480e+00  -2.8236877e+00             nan             nan
   7.5000000e+00  -2.3016643e+00  -2.6851110e+00             nan             nan
   7.7500000e+00  -2.1523393e+00  -2.5556077e+00             nan             nan
   8.0000000e+00  -2.0097539e+00  -2.4346370e+00             nan             nan
   8.2500000e+00  -1.8734281e+00  -2.3216495e+00             nan             nan
   8.5000000e+00  -1.7429156e+00  -2.2161130e+00             nan             nan
   8.7500000e+00  -1.6178049e+00  -2.1175170e+00             nan             nan
   9.0000000e+00  -1.4977157e+00  -2.0253903e+00             nan             nan
   9.2500000e+00  -1.3822999e+00  -1.9393711e+00             nan             nan
   9.5000000e+00  -1.2712350e+00  -1.8595282e+00             nan             nan
   9.7500000e+00  -1.1642249e+00  -2.5565248e+00             nan             nan
   1.0000000e+01  -1.0609972e+00  -2.5203828e+00             nan             nan
   1.0250000e+01  -9.6130141e-01  -2.4886384e+00             nan             nan
   1.0500000e+01  -8.6490671e-01  -2.4609457e+00             nan             nan
   1.0750000e+01  -7.7160072e-01  -2.4370269e+00             nan             nan
   1.1000000e+01  -6.8118766e-01  -2.4166317e+00             nan             nan
   1.1250000e+01  -5.9348702e-01  -2.3995326e+00             nan             nan
   1.1500000e+01  -5.0833216e-01  -2.3855230e+00             nan             nan
   1.1750000e+01  -4.2556973e-01  -2.3620865e+00             nan             nan
   1.2000000e+01  -3.4501399e-01  -2.3533990e+00             nan             nan
