# U R=7 R=20
1.000000000000000000e+00 5.013411666493979534e-03 5.646810195376026418e-06 1.059562308174867253e-06
1.473684210526315708e+00 1.071814221008634410e-02 1.238574534534977666e-05 1.472810909045158218e-07
1.947368421052631415e+00 4.902748330578143160e-02 1.820189774846845754e-05 2.595286429428768671e-06
2.421052631578947345e+00 1.060828463902187963e-01 1.760469734827218503e-05 1.710250161410381646e-06
2.894736842105262831e+00 1.612495502612094067e-01 4.928430667545981167e-05 1.628033051325776551e-06
3.368421052631578760e+00 2.126988880756856826e-01 8.439870548306630763e-05 5.251460171847121753e-07
3.842105263157894690e+00 2.712396797594736619e-01 8.850243184777542213e-05 2.834328333864232571e-07
4.315789473684210620e+00 3.215910730062405132e-01 1.714589519253345486e-03 3.753852846186227513e-08
4.789473684210525661e+00 3.624069887368704945e-01 1.101953727214396257e-03 4.186835066505882437e-10
5.263157894736841591e+00 3.975910099196606762e-01 nan                      1.550826437894982890e-09
5.736842105263157521e+00 4.250831024969189964e-01 nan                      1.388286756494146566e-09
6.210526315789473450e+00 4.475555121151588156e-01 nan                      7.060622959433680842e-10
6.684210526315789380e+00 4.727572127518471223e-01 nan                      nan                     
7.157894736842105310e+00 5.061581461422771655e-01 nan                      nan                     
7.631578947368420351e+00 4.811830919044852717e-01 nan                      nan                     
8.105263157894736281e+00 4.963737038281307301e-01 nan                      nan                     
8.578947368421051323e+00 4.781294543625712046e-01 nan                      nan                     
9.052631578947368141e+00 5.003517094429476009e-01 nan                      nan                     
9.526315789473683182e+00 4.968150327628835794e-01 nan                      nan                     
1.000000000000000000e+01 5.039825965594069146e-01 nan                      nan                     
