   1.0000000e+00  -1.4714708e+01
   1.1724138e+00  -1.4201716e+01
   1.3448276e+00  -1.3703763e+01
   1.5172414e+00  -1.3221151e+01
   1.6896552e+00  -1.2754212e+01
   1.8620690e+00  -1.2303300e+01
   2.0344828e+00  -1.1868768e+01
   2.2068966e+00  -1.1450944e+01
   2.3793103e+00  -1.1050092e+01
   2.5517241e+00  -1.0666384e+01
   2.7241379e+00  -1.0299860e+01
   2.8965517e+00  -9.9504072e+00
   3.0689655e+00  -9.6177526e+00
   3.2413793e+00  -9.3014687e+00
   3.4137931e+00  -9.0009971e+00
   3.5862069e+00  -8.7156796e+00
   3.7586207e+00  -8.4447924e+00
   3.9310345e+00  -8.1875780e+00
   4.1034483e+00  -7.9432717e+00
   4.2758621e+00  -7.7111207e+00
   4.4482759e+00  -7.4903982e+00
   4.6206897e+00  -7.2804111e+00
   4.7931034e+00  -7.0805043e+00
   4.9655172e+00  -6.8900625e+00
   5.1379310e+00  -6.7085098e+00
   5.3103448e+00  -6.5353085e+00
   5.4827586e+00  -6.3699570e+00
   5.6551724e+00  -6.2119885e+00
   5.8275862e+00  -6.0609674e+00
   6.0000000e+00  -5.9164885e+00
