1.0   -1.457420E+01
1.2   -1.392471E+01
1.4   -1.328927E+01
1.6   -1.267004E+01
1.8   -1.206954E+01
2.0   -1.149050E+01
2.2   -1.093582E+01
2.4   -1.040825E+01
2.6   -9.910043E+00
2.8   -9.442543E+00
3.0   -9.005951E+00
3.2   -8.599427E+00
3.4   -8.221410E+00
3.6   -7.869982E+00
3.8   -7.543128E+00
4.0   -7.238881E+00
4.2   -6.955382E+00
4.4   -6.690906E+00
4.6   -6.443865E+00
4.8   -6.212806E+00
5.0   -5.996404E+00
5.2   -5.793449E+00
5.4   -5.602844E+00
5.6   -5.423591E+00
5.8   -5.254784E+00
6.0   -5.095600E+00
6.2   -4.945293E+00
6.4   -4.803185E+00
6.6   -4.668661E+00
6.8   -4.541159E+00
7.0   -4.420170E+00
7.2   -4.305230E+00
7.4   -4.195913E+00
7.6   -4.091834E+00
7.8   -3.992638E+00
8.0   -3.898001E+00
8.2   -3.807626E+00
8.4   -3.721239E+00
8.6   -3.638590E+00
8.8   -3.559447E+00
9.0   -3.483599E+00
9.2   -3.410847E+00
9.4   -3.341011E+00
9.6   -3.273923E+00
9.8   -3.209426E+00
10.0  -3.147377E+00
10.2  -3.087641E+00
10.4  -3.030094E+00
10.6  -2.974619E+00
10.8  -2.921109E+00
11.0  -2.869462E+00
11.2  -2.819584E+00
11.4  -2.771388E+00
11.6  -2.724790E+00
11.8  -2.679715E+00
12.0  -2.636088E+00
12.2  -2.593843E+00
12.4  -2.552915E+00
12.6  -2.513245E+00
12.8  -2.474775E+00
13.0  -2.437454E+00
13.2  -2.401231E+00
13.4  -2.366058E+00
13.6  -2.331892E+00
13.8  -2.298689E+00
14.0  -2.266410E+00
