0.7937655000      -108.629886091227
0.8466832000      -108.888761968179
0.8996009000      -109.061485786727
0.9525186000      -109.171726939695
1.0054363000      -109.23721192419 
1.0583540000      -109.270683423826
1.1112717000      -109.281711415937
1.1641894000      -109.277312867241
1.2171071000      -109.262679411204
1.2700248000      -109.241563863114
1.3229425000      -109.216673679526
1.3758602000      -109.190098212016
1.4287779000      -109.163172513149
1.4816956000      -109.136890663338
1.5346133000      -109.111963740242
1.5875310000      -109.088875509001
1.6404487000      -109.067900945046
1.6933664000      -109.049219301965
1.7462841000      -109.03289511709 
1.7992018000      -109.018948897027
1.8521195000      -109.007222487419
1.9050372000      -108.997574761277
1.9579549000      -108.989774513412
2.0108726000      -108.983566128014
2.0637903000      -108.978697715498
2.1167080000      -108.974907454413
2.1696257000      -108.971975498627
2.2225434000      -108.969707502199
2.2754611000      -108.96795417247 
2.3283788000      -108.966599136978
2.3812965000      -108.965535983106
2.4342142000      -108.964688974408
2.4871319000      -108.964011859171
2.5400496000      -108.963463124872
2.5929673000      -108.963014854081
2.6458850000      -108.962651363422





































