01.0    -14.713933875367 
01.1    -14.414227628118 
01.2    -14.119434597146 
01.3    -13.829592716105 
01.4    -13.544746341211 
01.5    -13.264946520653 
01.6    -12.990253049627 
01.7    -12.720736244827 
01.8    -12.456479109522 
01.9    -12.197580254542 
02.0    -11.944158397627 
02.1    -11.696357005195 
02.2    -11.454351358499 
02.3    -11.218357327038 
02.4    -10.988644412356 
02.5    -10.765552500368 
02.6    -10.549516779172 
02.7    -10.341103527988 
02.8    -10.141064174467 
02.9     -9.950421332768 
03.0     -9.770608198781 
03.1     -9.603714276936 
03.2     -9.452951754717 
03.3     -9.323628563407 
03.4     -9.225534154150 
03.5     -9.180372696218 
03.6     -9.260189088599 
3.00     -9.770607941640 
3.05     -9.685379508699 
3.10     -9.603714256710 
3.15     -9.526051585892 
3.20     -9.452951960872 
3.25     -9.385149533930 
3.30     -9.323629038452 
3.35     -9.269760446373 
3.40     -9.225533833955 
3.45     -9.194020458646 
3.50     -9.180373484278 
3.60     -9.260189650013 
3.65     -9.489784347883 
